eval_loss = 0.1716558334064386
f1_score = 0.8548085106382978
precision = 0.8130160271976687
recall = 0.9011304503857887
