eval_loss = 0.29535324154889797
f1_score = 0.7427078064407351
precision = 0.7099113618049959
recall = 0.7786812798302988
