eval_loss = 0.24315613271401348
f1_score = 0.8371616428998377
precision = 0.7986314760508308
recall = 0.879598062085053
