eval_loss = 0.21460278927521548
f1_score = 0.8010357500835282
precision = 0.7567866161616161
recall = 0.8507806955287438
