eval_loss = 0.29372823588197877
f1_score = 0.6966057441253264
precision = 0.6860963483627636
recall = 0.7074421071239173
